1136976564
1528658372
1676954928
2001496273
2201680052
2335622703
2399007333
246962557
2575679691
2592531187
2711361200
3089169744
3142504426
3331358099
3439198417
3557784460
3595125531
3650690404
410568782
4260071487
452881839
468054209
4019121991
3688406449
1121045515
903281821
3335024642
2115683950
247151230
4100440028
4243181046
542845746
1465654180
3461696030
3109190280
1115720914
157062760
4271464279
2984767791
3336618425
1609142275
1391031585
636372407
3169260557
3420464283
1434759480
579043758
3146436628
951154001
4242842745
2346947823
317375829
3154002518
84677491
3316644089
3421253251
647256362
722585739
1545009181
3307186599
679130179
1877935108
417870994
2179032360
1776605113
518252335
2280306325
4042098179
1854477216
428745526
2156360332
4152377882
1732206475
272133917
1595146655
672346377
2971295923
3323809829
1484375430
796849424
3061294250
3245380668
1372555693
650688827
1949913692
54420170
2587308912
3979346918
1934923333
72591059
2639984489
3932014591
2061687406
233171704
1830970141
438653835
2200699441
4096471719
2336620730
4232130604
1699242390
307187968
2351678627
4214027317
1646634383
354587929
3160982368
3413111798
2241693832
4070225950
3338662642
3280931974
3028827152
763456938
1518755132
3303196831
3018192905
3000888649
1166803108
3417699594
1772274441
3869088787
2019160530
1928262898
1417097855
3958979958
3292794495
3660920408
3899313618
2424670919
3107500389
657109917
2501276360
3953402184
1682718170
2083088652
1214447223
2455000871
517664453
4049334826
854863208
1860034732
1223608449
2159821701
1690307372
3913254809
2566679357
1119596161
3033704592
2609564796
3846246251
3234785060
3379547334
560999411
2290432994
1422334100
2762733647
950028774
3537787386
2782488940
1020278998
3438899904
686727317
3431850114
1546845459
724946309
2717587275
3606849501
1341486695
955401969
2794902354
3515999172
1217966718
1067418344
2938150777
3626479599
2329298056
4258362398
1691887012
333387058
2377875601
4206669831
1672864189
347263275
2215496890
4077583404
2479715785
1272383552
4108077250
1710093763
3321048104
2970941230
1258832850
3387849585
3695423342
2945357017
3632899151
855738395
1141291149
2311816730
4288596824
2698346889
2058532618
948250248
933889135
3915573533
3635073347
3141306577
1465458507
2814088591
881436545
783165034
916897095
2770163710
1717380924
2306242719
2367907184
1557216354
1000417991
1937426542
1721623982
295359800
291116970
260616122
2525101568
2287158800
753607918
3948308875
820858154
4283725446
630347751
1067007867
571172528
1452409428
4047083154
3311508978
4089028241
3983901788
1630593829
4086984512
346164605
283439394
372757427
1798124033
38093022
2403238409
1171010692
3918133794
4164530847
2089991703
3650620284
1753657102
528588696
3268005824
3513707883
4253451859
3050241878
751283948
625639105
2116102360
4135317519
2157376775
2814019766
2371260287
2387462290
1259874301
1539350138
3632100476
2944025834
3315862489
2997041999
30092612
3595563096
1127508315
732588789
1554864739
3423750130
3138746212
173662948
2471539550
3924073475
2665720981
132840751
1894632889
4001978394
2576246924
8862006
2004879776
3879670833
2419598503
4043287874
2281217492
3384951126
2468134658
3795893413
3047311555
4165644271
4272818226
795497357
2702246153
3473770518
519162990
1901435371
2683001369
1777794296
4153567579
913511760
2157271501
429656183
1855666401
4263781744
725784291
2300777958
3216915333
807534217
3367570195
70017473
1932218711
3928097005
2636460155
54633944
1950782798
3981427956
2588472418
184019443
2112936293
27734055
1990197425
4020850955
2561565085
113964094
1909310632
3905197330
2680399236
259831829
2021361795
713712612
1569543026
3296985800
3011719774
770156541
1524668267
3286877905
3035559495
609348566
1398201152
865161893
1150706227
3718198153
2862088991
888968892
1140565546
3673356176
2918565638
1028315799
1246620161
2094056546
198702324
2464064846
3856242136
2075983995
213528813
2511561047
3803468225
1913343056
84704454
1707865379
315409845
2344981519
4240614553
1655058746
362873260
2359840790
4222574720
1796242705
471289223
1323738848
971085430
2699610060
3622827866
1233871609
1049383535
2810512341
3498193731
1077751506
926555716
1476237217
553297719
3119773325
3472147995
1351635896
664232750
661477091
1349150325
3378722767
3194226521
2503582906
536908538
1460118124
3457086422
3104424768
2468287437
